68 178 153 51 255 10
71 177 153 51 255 10
72 177 153 51 255 10
73 177 153 51 255 10
74 177 153 51 255 10
75 177 153 51 255 10
76 177 153 51 255 10
77 177 153 51 255 10
78 177 153 51 255 10
79 177 153 51 255 10
80 177 153 51 255 10
81 177 153 51 255 10
82 177 153 51 255 10
83 177 153 51 255 10
84 177 153 51 255 10
85 177 153 51 255 10
86 178 153 51 255 10
87 178 153 51 255 10
88 178 153 51 255 10
89 178 153 51 255 10
90 178 153 51 255 10
91 178 153 51 255 10
92 178 153 51 255 10
93 179 153 51 255 10
94 179 153 51 255 10
95 179 153 51 255 10
97 180 153 51 255 10
99 180 153 51 255 10
100 181 153 51 255 10
102 181 153 51 255 10
103 181 153 51 255 10
106 182 153 51 255 10
108 182 153 51 255 10
109 183 153 51 255 10
110 183 153 51 255 10
112 183 153 51 255 10
116 185 153 51 255 10
117 185 153 51 255 10
119 185 153 51 255 10
120 185 153 51 255 10
121 186 153 51 255 10
123 186 153 51 255 10
124 186 153 51 255 10
129 188 153 51 255 10
130 188 153 51 255 10
132 189 153 51 255 10
134 189 153 51 255 10
137 190 153 51 255 10
139 190 153 51 255 10
141 191 153 51 255 10
143 192 153 51 255 10
145 193 153 51 255 10
146 193 153 51 255 10
148 194 153 51 255 10
149 194 153 51 255 10
150 194 153 51 255 10
153 195 153 51 255 10
154 196 153 51 255 10
156 196 153 51 255 10
157 197 153 51 255 10
158 197 153 51 255 10
160 198 153 51 255 10
164 199 153 51 255 10
164 200 153 51 255 10
166 200 153 51 255 10
167 201 153 51 255 10
169 202 153 51 255 10
171 203 153 51 255 10
172 203 153 51 255 10
174 204 153 51 255 10
175 205 153 51 255 10
176 206 153 51 255 10
178 206 153 51 255 10
179 207 153 51 255 10
181 209 153 51 255 10
182 209 153 51 255 10
183 210 153 51 255 10
183 211 153 51 255 10
184 211 153 51 255 10
185 212 153 51 255 10
186 213 153 51 255 10
186 214 153 51 255 10
187 214 153 51 255 10
187 215 153 51 255 10
188 216 153 51 255 10
188 217 153 51 255 10
189 218 153 51 255 10
190 218 153 51 255 10
190 220 153 51 255 10
190 221 153 51 255 10
190 222 153 51 255 10
190 223 153 51 255 10
191 223 153 51 255 10
191 224 153 51 255 10
191 225 153 51 255 10
192 226 153 51 255 10
192 227 153 51 255 10
192 228 153 51 255 10
192 229 153 51 255 10
192 230 153 51 255 10
192 231 153 51 255 10
192 232 153 51 255 10
192 233 153 51 255 10
192 234 153 51 255 10
192 235 153 51 255 10
192 236 153 51 255 10
192 238 153 51 255 10
192 239 153 51 255 10
192 240 153 51 255 10
192 241 153 51 255 10
192 242 153 51 255 10
192 244 153 51 255 10
191 245 153 51 255 10
191 246 153 51 255 10
191 247 153 51 255 10
191 249 153 51 255 10
190 249 153 51 255 10
190 250 153 51 255 10
190 251 153 51 255 10
189 252 153 51 255 10
189 254 153 51 255 10
189 255 153 51 255 10
188 255 153 51 255 10
188 256 153 51 255 10
187 258 153 51 255 10
186 259 153 51 255 10
186 260 153 51 255 10
185 262 153 51 255 10
185 263 153 51 255 10
184 263 153 51 255 10
183 266 153 51 255 10
182 267 153 51 255 10
182 268 153 51 255 10
181 268 153 51 255 10
181 270 153 51 255 10
180 271 153 51 255 10
179 273 153 51 255 10
178 274 153 51 255 10
178 275 153 51 255 10
177 277 153 51 255 10
176 277 153 51 255 10
176 278 153 51 255 10
175 279 153 51 255 10
175 280 153 51 255 10
174 281 153 51 255 10
174 282 153 51 255 10
173 283 153 51 255 10
172 284 153 51 255 10
172 285 153 51 255 10
171 287 153 51 255 10
170 288 153 51 255 10
169 290 153 51 255 10
169 291 153 51 255 10
168 291 153 51 255 10
168 293 153 51 255 10
167 294 153 51 255 10
167 296 153 51 255 10
166 297 153 51 255 10
165 297 153 51 255 10
165 299 153 51 255 10
164 300 153 51 255 10
164 302 153 51 255 10
163 302 153 51 255 10
162 303 153 51 255 10
162 305 153 51 255 10
161 306 153 51 255 10
161 308 153 51 255 10
160 308 153 51 255 10
160 309 153 51 255 10
159 310 153 51 255 10
159 312 153 51 255 10
158 313 153 51 255 10
157 314 153 51 255 10
157 316 153 51 255 10
157 317 153 51 255 10
156 318 153 51 255 10
155 319 153 51 255 10
155 320 153 51 255 10
155 321 153 51 255 10
155 322 153 51 255 10
155 323 153 51 255 10
154 323 153 51 255 10
154 324 153 51 255 10
154 325 153 51 255 10
153 326 153 51 255 10
153 327 153 51 255 10
153 328 153 51 255 10
152 328 153 51 255 10
152 329 153 51 255 10
152 330 153 51 255 10
152 331 153 51 255 10
152 332 153 51 255 10
152 333 153 51 255 10
152 334 153 51 255 10
152 335 153 51 255 10
152 336 153 51 255 10
152 337 153 51 255 10
152 338 153 51 255 10
153 338 153 51 255 10
154 338 153 51 255 10
155 338 153 51 255 10
156 338 153 51 255 10
157 338 153 51 255 10
158 338 153 51 255 10
159 338 153 51 255 10
160 338 153 51 255 10
161 338 153 51 255 10
162 337 153 51 255 10
163 337 153 51 255 10
163 336 153 51 255 10
164 336 153 51 255 10
165 335 153 51 255 10
166 334 153 51 255 10
167 333 153 51 255 10
168 333 153 51 255 10
168 332 153 51 255 10
169 332 153 51 255 10
170 332 153 51 255 10
171 330 153 51 255 10
172 329 153 51 255 10
173 329 153 51 255 10
173 328 153 51 255 10
174 327 153 51 255 10
176 327 153 51 255 10
176 326 153 51 255 10
177 324 153 51 255 10
178 324 153 51 255 10
179 322 153 51 255 10
180 321 153 51 255 10
181 321 153 51 255 10
181 320 153 51 255 10
183 318 153 51 255 10
184 318 153 51 255 10
184 316 153 51 255 10
185 316 153 51 255 10
186 315 153 51 255 10
186 314 153 51 255 10
187 313 153 51 255 10
187 312 153 51 255 10
188 311 153 51 255 10
189 310 153 51 255 10
189 309 153 51 255 10
190 308 153 51 255 10
192 305 153 51 255 10
193 304 153 51 255 10
195 301 153 51 255 10
195 300 153 51 255 10
197 298 153 51 255 10
198 297 153 51 255 10
199 294 153 51 255 10
200 293 153 51 255 10
200 292 153 51 255 10
201 290 153 51 255 10
202 290 153 51 255 10
202 288 153 51 255 10
203 287 153 51 255 10
204 286 153 51 255 10
205 284 153 51 255 10
205 282 153 51 255 10
206 282 153 51 255 10
207 280 153 51 255 10
208 278 153 51 255 10
209 277 153 51 255 10
209 276 153 51 255 10
209 274 153 51 255 10
210 273 153 51 255 10
211 271 153 51 255 10
212 269 153 51 255 10
213 267 153 51 255 10
214 265 153 51 255 10
214 264 153 51 255 10
215 261 153 51 255 10
215 260 153 51 255 10
216 258 153 51 255 10
217 256 153 51 255 10
217 255 153 51 255 10
218 254 153 51 255 10
218 252 153 51 255 10
219 251 153 51 255 10
219 249 153 51 255 10
219 247 153 51 255 10
220 246 153 51 255 10
220 245 153 51 255 10
220 243 153 51 255 10
221 241 153 51 255 10
222 238 153 51 255 10
222 237 153 51 255 10
222 235 153 51 255 10
223 234 153 51 255 10
223 232 153 51 255 10
224 230 153 51 255 10
224 228 153 51 255 10
224 226 153 51 255 10
224 225 153 51 255 10
224 223 153 51 255 10
224 222 153 51 255 10
224 220 153 51 255 10
224 218 153 51 255 10
224 217 153 51 255 10
224 215 153 51 255 10
224 214 153 51 255 10
224 212 153 51 255 10
224 210 153 51 255 10
224 209 153 51 255 10
224 208 153 51 255 10
225 206 153 51 255 10
225 203 153 51 255 10
225 201 153 51 255 10
225 200 153 51 255 10
225 198 153 51 255 10
225 197 153 51 255 10
225 195 153 51 255 10
225 194 153 51 255 10
225 192 153 51 255 10
225 191 153 51 255 10
225 190 153 51 255 10
225 188 153 51 255 10
225 187 153 51 255 10
225 179 153 51 255 10
225 178 153 51 255 10
225 177 153 51 255 10
225 175 153 51 255 10
225 174 153 51 255 10
225 173 153 51 255 10
225 171 153 51 255 10
225 169 153 51 255 10
225 167 153 51 255 10
224 167 153 51 255 10
224 165 153 51 255 10
224 163 153 51 255 10
223 161 153 51 255 10
223 160 153 51 255 10
222 159 153 51 255 10
222 158 153 51 255 10
222 156 153 51 255 10
222 154 153 51 255 10
222 153 153 51 255 10
221 153 153 51 255 10
221 151 153 51 255 10
220 150 153 51 255 10
220 149 153 51 255 10
220 148 153 51 255 10
220 147 153 51 255 10
219 146 153 51 255 10
219 145 153 51 255 10
218 145 153 51 255 10
217 143 153 51 255 10
217 142 153 51 255 10
217 140 153 51 255 10
216 139 153 51 255 10
215 139 153 51 255 10
214 136 153 51 255 10
213 135 153 51 255 10
212 134 153 51 255 10
212 132 153 51 255 10
211 131 153 51 255 10
210 131 153 51 255 10
209 130 153 51 255 10
208 128 153 51 255 10
207 126 153 51 255 10
206 125 153 51 255 10
205 125 153 51 255 10
204 124 153 51 255 10
203 123 153 51 255 10
202 123 153 51 255 10
201 122 153 51 255 10
201 121 153 51 255 10
200 120 153 51 255 10
199 120 153 51 255 10
198 119 153 51 255 10
197 118 153 51 255 10
196 117 153 51 255 10
194 116 153 51 255 10
193 115 153 51 255 10
192 115 153 51 255 10
190 113 153 51 255 10
187 112 153 51 255 10
186 112 153 51 255 10
185 111 153 51 255 10
183 110 153 51 255 10
181 109 153 51 255 10
180 109 153 51 255 10
178 108 153 51 255 10
176 107 153 51 255 10
175 107 153 51 255 10
174 106 153 51 255 10
173 106 153 51 255 10
171 105 153 51 255 10
169 105 153 51 255 10
167 105 153 51 255 10
166 104 153 51 255 10
165 104 153 51 255 10
164 104 153 51 255 10
162 103 153 51 255 10
160 103 153 51 255 10
158 103 153 51 255 10
157 103 153 51 255 10
155 102 153 51 255 10
154 102 153 51 255 10
152 102 153 51 255 10
151 102 153 51 255 10
149 102 153 51 255 10
148 102 153 51 255 10
146 102 153 51 255 10
145 102 153 51 255 10
144 102 153 51 255 10
142 102 153 51 255 10
140 103 153 51 255 10
138 104 153 51 255 10
137 104 153 51 255 10
136 104 153 51 255 10
135 105 153 51 255 10
134 106 153 51 255 10
133 106 153 51 255 10
132 107 153 51 255 10
131 107 153 51 255 10
130 108 153 51 255 10
130 109 153 51 255 10
129 109 153 51 255 10
128 109 153 51 255 10
128 110 153 51 255 10
127 111 153 51 255 10
125 112 153 51 255 10
125 113 153 51 255 10
124 114 153 51 255 10
123 114 153 51 255 10
123 115 153 51 255 10
122 116 153 51 255 10
121 117 153 51 255 10
120 118 153 51 255 10
120 119 153 51 255 10
119 121 153 51 255 10
118 121 153 51 255 10
118 122 153 51 255 10
118 123 153 51 255 10
118 125 153 51 255 10
117 126 153 51 255 10
116 128 153 51 255 10
116 129 153 51 255 10
116 130 153 51 255 10
115 131 153 51 255 10
115 132 153 51 255 10
115 133 153 51 255 10
114 136 153 51 255 10
114 138 153 51 255 10
114 139 153 51 255 10
114 141 153 51 255 10
114 142 153 51 255 10
114 143 153 51 255 10
114 144 153 51 255 10
114 146 153 51 255 10
114 147 153 51 255 10
114 149 153 51 255 10
114 152 153 51 255 10
114 155 153 51 255 10
114 157 153 51 255 10
115 160 153 51 255 10
115 161 153 51 255 10
116 163 153 51 255 10
116 165 153 51 255 10
117 165 153 51 255 10
117 167 153 51 255 10
118 169 153 51 255 10
118 171 153 51 255 10
119 172 153 51 255 10
119 173 153 51 255 10
120 175 153 51 255 10
120 176 153 51 255 10
121 177 153 51 255 10
121 179 153 51 255 10
122 181 153 51 255 10
123 182 153 51 255 10
123 183 153 51 255 10
125 187 153 51 255 10
126 188 153 51 255 10
127 190 153 51 255 10
127 191 153 51 255 10
127 192 153 51 255 10
128 193 153 51 255 10
130 196 153 51 255 10
131 198 153 51 255 10
131 199 153 51 255 10
133 201 153 51 255 10
133 202 153 51 255 10
134 203 153 51 255 10
135 204 153 51 255 10
136 206 153 51 255 10
137 207 153 51 255 10
138 209 153 51 255 10
139 209 153 51 255 10
140 212 153 51 255 10
141 212 153 51 255 10
143 214 153 51 255 10
144 214 153 51 255 10
145 216 153 51 255 10
146 217 153 51 255 10
147 218 153 51 255 10
148 219 153 51 255 10
150 220 153 51 255 10
151 221 153 51 255 10
152 222 153 51 255 10
153 223 153 51 255 10
154 224 153 51 255 10
155 224 153 51 255 10
157 225 153 51 255 10
158 227 153 51 255 10
160 227 153 51 255 10
161 228 153 51 255 10
163 229 153 51 255 10
163 230 153 51 255 10
165 230 153 51 255 10
167 232 153 51 255 10
168 232 153 51 255 10
169 233 153 51 255 10
170 233 153 51 255 10
174 235 153 51 255 10
175 236 153 51 255 10
177 237 153 51 255 10
178 237 153 51 255 10
179 238 153 51 255 10
180 239 153 51 255 10
182 240 153 51 255 10
183 240 153 51 255 10
184 241 153 51 255 10
185 242 153 51 255 10
186 242 153 51 255 10
187 242 153 51 255 10
188 243 153 51 255 10
189 243 153 51 255 10
189 244 153 51 255 10
190 244 153 51 255 10
191 245 153 51 255 10
192 245 153 51 255 10
192 246 153 51 255 10
194 247 153 51 255 10
195 248 153 51 255 10
196 248 153 51 255 10
196 249 153 51 255 10
197 250 153 51 255 10
198 250 153 51 255 10
199 251 153 51 255 10
199 252 153 51 255 10
200 252 153 51 255 10
200 253 153 51 255 10
201 254 153 51 255 10
201 255 153 51 255 10
203 257 153 51 255 10
204 258 153 51 255 10
204 259 153 51 255 10
204 260 153 51 255 10
204 261 153 51 255 10
204 262 153 51 255 10
205 262 153 51 255 10
205 263 153 51 255 10
206 265 153 51 255 10
206 266 153 51 255 10
206 267 153 51 255 10
206 268 153 51 255 10
206 269 153 51 255 10
207 271 153 51 255 10
207 273 153 51 255 10
208 274 153 51 255 10
208 275 153 51 255 10
208 277 153 51 255 10
209 280 153 51 255 10
209 281 153 51 255 10
209 283 153 51 255 10
209 286 153 51 255 10
209 288 153 51 255 10
209 289 153 51 255 10
209 291 153 51 255 10
210 292 153 51 255 10
210 295 153 51 255 10
210 297 153 51 255 10
210 299 153 51 255 10
210 301 153 51 255 10
210 303 153 51 255 10
210 305 153 51 255 10
210 306 153 51 255 10
210 308 153 51 255 10
210 309 153 51 255 10
210 312 153 51 255 10
210 315 153 51 255 10
209 317 153 51 255 10
208 319 153 51 255 10
207 321 153 51 255 10
207 323 153 51 255 10
207 324 153 51 255 10
206 326 153 51 255 10
206 327 153 51 255 10
204 330 153 51 255 10
204 332 153 51 255 10
203 333 153 51 255 10
203 334 153 51 255 10
202 335 153 51 255 10
201 337 153 51 255 10
201 339 153 51 255 10
200 339 153 51 255 10
199 341 153 51 255 10
198 343 153 51 255 10
198 344 153 51 255 10
196 346 153 51 255 10
195 347 153 51 255 10
195 349 153 51 255 10
194 349 153 51 255 10
192 352 153 51 255 10
191 354 153 51 255 10
188 355 153 51 255 10
187 358 153 51 255 10
186 358 153 51 255 10
184 360 153 51 255 10
182 362 153 51 255 10
182 363 153 51 255 10
179 365 153 51 255 10
177 367 153 51 255 10
175 368 153 51 255 10
174 369 153 51 255 10
172 370 153 51 255 10
170 371 153 51 255 10
169 372 153 51 255 10
168 373 153 51 255 10
167 374 153 51 255 10
166 374 153 51 255 10
163 375 153 51 255 10
161 377 153 51 255 10
158 377 153 51 255 10
155 379 153 51 255 10
152 380 153 51 255 10
151 381 153 51 255 10
150 381 153 51 255 10
147 381 153 51 255 10
146 382 153 51 255 10
144 383 153 51 255 10
142 383 153 51 255 10
140 384 153 51 255 10
138 384 153 51 255 10
135 384 153 51 255 10
133 384 153 51 255 10
131 384 153 51 255 10
129 384 153 51 255 10
127 384 153 51 255 10
124 384 153 51 255 10
123 384 153 51 255 10
119 384 153 51 255 10
116 384 153 51 255 10
114 384 153 51 255 10
111 384 153 51 255 10
110 384 153 51 255 10
108 384 153 51 255 10
105 383 153 51 255 10
103 382 153 51 255 10
101 382 153 51 255 10
100 381 153 51 255 10
98 381 153 51 255 10
97 380 153 51 255 10
94 380 153 51 255 10
91 379 153 51 255 10
88 378 153 51 255 10
87 377 153 51 255 10
85 377 153 51 255 10
81 375 153 51 255 10
80 374 153 51 255 10
78 373 153 51 255 10
76 372 153 51 255 10
75 371 153 51 255 10
73 370 153 51 255 10
72 369 153 51 255 10
71 368 153 51 255 10
70 368 153 51 255 10
70 366 153 51 255 10
68 365 153 51 255 10
67 364 153 51 255 10
67 363 153 51 255 10
66 363 153 51 255 10
65 360 153 51 255 10
65 359 153 51 255 10
64 357 153 51 255 10
63 356 153 51 255 10
62 354 153 51 255 10
62 351 153 51 255 10
62 349 153 51 255 10
62 347 153 51 255 10
61 345 153 51 255 10
61 343 153 51 255 10
61 340 153 51 255 10
61 339 153 51 255 10
61 338 153 51 255 10
61 334 153 51 255 10
61 332 153 51 255 10
61 329 153 51 255 10
61 326 153 51 255 10
61 324 153 51 255 10
61 320 153 51 255 10
61 319 153 51 255 10
61 315 153 51 255 10
62 312 153 51 255 10
63 309 153 51 255 10
64 307 153 51 255 10
66 304 153 51 255 10
67 300 153 51 255 10
68 297 153 51 255 10
70 294 153 51 255 10
72 291 153 51 255 10
73 288 153 51 255 10
75 285 153 51 255 10
76 284 153 51 255 10
78 280 153 51 255 10
85 274 153 51 255 10
87 271 153 51 255 10
89 269 153 51 255 10
91 268 153 51 255 10
95 265 153 51 255 10
96 265 153 51 255 10
99 262 153 51 255 10
102 260 153 51 255 10
104 260 153 51 255 10
107 257 153 51 255 10
111 255 153 51 255 10
113 254 153 51 255 10
116 253 153 51 255 10
119 252 153 51 255 10
123 250 153 51 255 10
125 249 153 51 255 10
128 248 153 51 255 10
131 247 153 51 255 10
135 247 153 51 255 10
139 245 153 51 255 10
143 244 153 51 255 10
146 244 153 51 255 10
150 243 153 51 255 10
155 242 153 51 255 10
157 242 153 51 255 10
163 241 153 51 255 10
164 241 153 51 255 10
169 241 153 51 255 10
173 240 153 51 255 10
178 240 153 51 255 10
181 240 153 51 255 10
185 240 153 51 255 10
188 240 153 51 255 10
192 240 153 51 255 10
196 240 153 51 255 10
199 240 153 51 255 10
203 240 153 51 255 10
206 240 153 51 255 10
210 240 153 51 255 10
215 240 153 51 255 10
220 240 153 51 255 10
224 241 153 51 255 10
227 241 153 51 255 10
229 241 153 51 255 10
233 242 153 51 255 10
237 243 153 51 255 10
241 243 153 51 255 10
245 244 153 51 255 10
250 245 153 51 255 10
253 246 153 51 255 10
257 246 153 51 255 10
260 247 153 51 255 10
263 248 153 51 255 10
265 249 153 51 255 10
269 250 153 51 255 10
271 250 153 51 255 10
273 251 153 51 255 10
275 252 153 51 255 10
278 253 153 51 255 10
280 253 153 51 255 10
281 254 153 51 255 10
282 255 153 51 255 10
283 255 153 51 255 10
284 255 153 51 255 10
286 256 153 51 255 10
286 257 153 51 255 10
287 257 153 51 255 10
288 258 153 51 255 10
289 258 153 51 255 10
290 258 153 51 255 10
290 259 153 51 255 10
290 258 153 51 255 10
290 257 153 51 255 10
290 256 153 51 255 10
290 255 153 51 255 10
290 254 153 51 255 10
290 253 153 51 255 10
290 251 153 51 255 10
290 250 153 51 255 10
290 249 153 51 255 10
290 247 153 51 255 10
290 246 153 51 255 10
290 244 153 51 255 10
290 243 153 51 255 10
290 241 153 51 255 10
290 239 153 51 255 10
290 238 153 51 255 10
290 236 153 51 255 10
290 235 153 51 255 10
290 234 153 51 255 10
289 232 153 51 255 10
289 230 153 51 255 10
289 229 153 51 255 10
289 228 153 51 255 10
289 226 153 51 255 10
289 225 153 51 255 10
289 223 153 51 255 10
289 221 153 51 255 10
289 220 153 51 255 10
289 218 153 51 255 10
289 216 153 51 255 10
289 215 153 51 255 10
289 213 153 51 255 10
289 212 153 51 255 10
288 210 153 51 255 10
288 209 153 51 255 10
287 207 153 51 255 10
287 205 153 51 255 10
287 204 153 51 255 10
286 202 153 51 255 10
286 200 153 51 255 10
286 198 153 51 255 10
284 195 153 51 255 10
284 193 153 51 255 10
284 192 153 51 255 10
283 190 153 51 255 10
282 189 153 51 255 10
282 188 153 51 255 10
281 186 153 51 255 10
281 185 153 51 255 10
280 183 153 51 255 10
279 181 153 51 255 10
278 179 153 51 255 10
277 176 153 51 255 10
276 174 153 51 255 10
275 172 153 51 255 10
274 170 153 51 255 10
273 168 153 51 255 10
273 167 153 51 255 10
272 165 153 51 255 10
272 164 153 51 255 10
271 162 153 51 255 10
269 159 153 51 255 10
268 158 153 51 255 10
268 157 153 51 255 10
267 155 153 51 255 10
267 154 153 51 255 10
266 153 153 51 255 10
265 151 153 51 255 10
265 149 153 51 255 10
264 148 153 51 255 10
264 147 153 51 255 10
263 146 153 51 255 10
262 145 153 51 255 10
262 143 153 51 255 10
261 142 153 51 255 10
260 141 153 51 255 10
260 139 153 51 255 10
260 138 153 51 255 10
259 137 153 51 255 10
258 136 153 51 255 10
257 135 153 51 255 10
257 134 153 51 255 10
257 133 153 51 255 10
256 132 153 51 255 10
255 131 153 51 255 10
255 130 153 51 255 10
255 129 153 51 255 10
254 129 153 51 255 10
253 128 153 51 255 10
253 127 153 51 255 10
253 126 153 51 255 10
252 126 153 51 255 10
251 125 153 51 255 10
251 124 153 51 255 10
250 124 153 51 255 10
250 123 153 51 255 10
249 123 153 51 255 10
249 122 153 51 255 10
248 122 153 51 255 10
247 122 153 51 255 10
246 122 153 51 255 10
246 123 153 51 255 10
245 123 153 51 255 10
245 124 153 51 255 10
245 125 153 51 255 10
245 126 153 51 255 10
245 128 153 51 255 10
245 129 153 51 255 10
245 130 153 51 255 10
245 132 153 51 255 10
245 134 153 51 255 10
245 136 153 51 255 10
245 138 153 51 255 10
245 140 153 51 255 10
245 141 153 51 255 10
245 143 153 51 255 10
245 146 153 51 255 10
246 148 153 51 255 10
246 149 153 51 255 10
247 151 153 51 255 10
247 153 153 51 255 10
248 155 153 51 255 10
250 158 153 51 255 10
251 161 153 51 255 10
251 162 153 51 255 10
253 166 153 51 255 10
254 169 153 51 255 10
255 172 153 51 255 10
257 174 153 51 255 10
258 178 153 51 255 10
259 180 153 51 255 10
260 183 153 51 255 10
262 187 153 51 255 10
263 189 153 51 255 10
264 193 153 51 255 10
265 197 153 51 255 10
267 200 153 51 255 10
269 203 153 51 255 10
270 208 153 51 255 10
271 211 153 51 255 10
272 213 153 51 255 10
274 217 153 51 255 10
275 221 153 51 255 10
276 225 153 51 255 10
278 230 153 51 255 10
279 234 153 51 255 10
281 238 153 51 255 10
283 243 153 51 255 10
283 246 153 51 255 10
284 248 153 51 255 10
284 250 153 51 255 10
285 254 153 51 255 10
286 257 153 51 255 10
287 263 153 51 255 10
289 267 153 51 255 10
290 270 153 51 255 10
292 278 153 51 255 10
293 283 153 51 255 10
294 285 153 51 255 10
294 292 153 51 255 10
295 297 153 51 255 10
296 302 153 51 255 10
297 305 153 51 255 10
297 308 153 51 255 10
298 313 153 51 255 10
298 315 153 51 255 10
299 320 153 51 255 10
300 323 153 51 255 10
300 328 153 51 255 10
301 333 153 51 255 10
301 338 153 51 255 10
301 343 153 51 255 10
302 347 153 51 255 10
302 352 153 51 255 10
302 356 153 51 255 10
302 366 153 51 255 10
302 368 153 51 255 10
302 370 153 51 255 10
302 371 153 51 255 10
302 375 153 51 255 10
302 380 153 51 255 10
302 382 153 51 255 10
301 384 153 51 255 10
301 385 153 51 255 10
300 389 153 51 255 10
299 392 153 51 255 10
299 395 153 51 255 10
298 398 153 51 255 10
298 401 153 51 255 10
297 404 153 51 255 10
296 406 153 51 255 10
295 409 153 51 255 10
295 412 153 51 255 10
294 414 153 51 255 10
292 416 153 51 255 10
292 418 153 51 255 10
291 419 153 51 255 10
291 421 153 51 255 10
290 422 153 51 255 10
289 423 153 51 255 10
289 425 153 51 255 10
288 427 153 51 255 10
286 428 153 51 255 10
286 430 153 51 255 10
285 431 153 51 255 10
284 432 153 51 255 10
283 433 153 51 255 10
281 435 153 51 255 10
280 436 153 51 255 10
279 437 153 51 255 10
278 437 153 51 255 10
277 438 153 51 255 10
276 439 153 51 255 10
276 440 153 51 255 10
274 440 153 51 255 10
273 441 153 51 255 10
271 441 153 51 255 10
270 442 153 51 255 10
269 442 153 51 255 10
268 442 153 51 255 10
266 442 153 51 255 10
265 442 153 51 255 10
264 442 153 51 255 10
262 442 153 51 255 10
261 442 153 51 255 10
259 442 153 51 255 10
258 442 153 51 255 10
256 442 153 51 255 10
255 442 153 51 255 10
253 442 153 51 255 10
250 442 153 51 255 10
249 441 153 51 255 10
246 440 153 51 255 10
244 440 153 51 255 10
243 439 153 51 255 10
240 438 153 51 255 10
238 436 153 51 255 10
236 435 153 51 255 10
232 434 153 51 255 10
231 433 153 51 255 10
227 431 153 51 255 10
224 429 153 51 255 10
221 427 153 51 255 10
219 425 153 51 255 10
217 423 153 51 255 10
214 422 153 51 255 10
212 420 153 51 255 10
210 418 153 51 255 10
208 417 153 51 255 10
208 416 153 51 255 10
206 414 153 51 255 10
205 411 153 51 255 10
203 409 153 51 255 10
202 408 153 51 255 10
202 407 153 51 255 10
200 405 153 51 255 10
199 402 153 51 255 10
198 399 153 51 255 10
197 396 153 51 255 10
196 394 153 51 255 10
195 391 153 51 255 10
195 387 153 51 255 10
194 384 153 51 255 10
194 381 153 51 255 10
193 379 153 51 255 10
193 376 153 51 255 10
193 371 153 51 255 10
193 368 153 51 255 10
193 365 153 51 255 10
193 362 153 51 255 10
193 358 153 51 255 10
194 355 153 51 255 10
196 348 153 51 255 10
198 346 153 51 255 10
199 344 153 51 255 10
202 341 153 51 255 10
202 340 153 51 255 10
203 339 153 51 255 10
209 334 153 51 255 10
213 332 153 51 255 10
217 330 153 51 255 10
220 329 153 51 255 10
224 327 153 51 255 10
227 326 153 51 255 10
230 326 153 51 255 10
234 325 153 51 255 10
238 324 153 51 255 10
242 323 153 51 255 10
245 322 153 51 255 10
249 322 153 51 255 10
253 321 153 51 255 10
258 321 153 51 255 10
261 321 153 51 255 10
264 321 153 51 255 10
267 321 153 51 255 10
272 321 153 51 255 10
274 321 153 51 255 10
277 321 153 51 255 10
280 322 153 51 255 10
283 323 153 51 255 10
285 323 153 51 255 10
288 324 153 51 255 10
291 325 153 51 255 10
294 326 153 51 255 10
295 328 153 51 255 10
296 329 153 51 255 10
298 330 153 51 255 10
299 331 153 51 255 10
299 332 153 51 255 10
301 333 153 51 255 10
301 334 153 51 255 10
302 337 153 51 255 10
302 338 153 51 255 10
302 340 153 51 255 10
302 341 153 51 255 10
302 342 153 51 255 10
302 344 153 51 255 10
302 345 153 51 255 10
302 346 153 51 255 10
302 348 153 51 255 10
301 348 153 51 255 10
300 349 153 51 255 10
300 351 153 51 255 10
298 352 153 51 255 10
297 353 153 51 255 10
295 353 153 51 255 10
295 354 153 51 255 10
293 355 153 51 255 10
292 356 153 51 255 10
291 356 153 51 255 10
289 356 153 51 255 10
288 357 153 51 255 10
286 357 153 51 255 10
285 357 153 51 255 10
284 357 153 51 255 10
282 357 153 51 255 10
281 357 153 51 255 10
280 357 153 51 255 10
279 357 153 51 255 10
278 357 153 51 255 10
277 357 153 51 255 10
276 357 153 51 255 10
275 357 153 51 255 10
275 356 153 51 255 10
